0.033153 0.072324 0.610823 0.036642 0.188511 0.245412
0.963508 0.835307 0.140219 0.623671 0.692259 0.280484
0.534190 0.332821 0.417584 0.138150 0.315601 0.113670
0.994558 0.936069 0.098305 0.695101 0.578105 0.356771
0.567460 0.323581 0.330409 0.270217 0.432240 0.074542
0.882115 0.517486 0.434543 0.316366 0.549814 0.703441
0.341315 0.203588 0.211214 0.083882 0.359896 0.149313
0.054121 0.051719 0.196593 0.049076 0.265820 0.121431
0.967532 0.765573 0.225694 0.681945 0.645810 0.225083
0.784501 0.489900 0.686450 0.219606 0.382341 0.369926
0.756446 0.508559 0.223229 0.197969 0.318515 0.166554
0.998884 0.958021 0.235817 0.922564 0.684703 0.340394
0.763212 0.621671 0.137925 0.247005 0.369669 0.267620
0.930003 0.678141 0.329453 0.498176 0.551863 0.557655
0.860183 0.482864 0.254004 0.266627 0.569900 0.401178
0.256253 0.343280 0.309917 0.081288 0.174500 0.250258
0.351760 0.246924 0.164232 0.147267 0.288251 0.124432
0.684743 0.435366 0.170360 0.209707 0.465597 0.131172
0.003597 0.009451 0.303441 0.003488 0.054973 0.099541
0.657327 0.322331 0.125036 0.244864 0.392100 0.065715
0.099887 0.074508 0.399636 0.017766 0.103507 0.130464
0.319076 0.338779 0.225615 0.128291 0.403221 0.235587
0.187889 0.086671 0.295704 0.068318 0.258550 0.100668
0.481871 0.290095 0.214481 0.156726 0.432607 0.366218
0.010184 0.012679 0.444823 0.011518 0.061185 0.136214
0.381329 0.305910 0.396065 0.107185 0.297004 0.142127
0.013285 0.007555 0.270992 0.014068 0.072882 0.024365
0.913032 0.549059 0.316595 0.453221 0.696596 0.178376
0.953387 0.827049 0.152698 0.557560 0.681762 0.203847
0.307454 0.190620 0.532312 0.129708 0.270328 0.290379
0.001005 0.003736 0.751160 0.002632 0.057437 0.090444
0.069664 0.059749 0.440064 0.029253 0.278503 0.177213
0.000538 0.001182 0.771762 0.000884 0.015551 0.263124
0.011806 0.067288 0.615185 0.007298 0.189099 0.091093
0.205018 0.207122 0.250443 0.099476 0.196523 0.121593
0.280885 0.210338 0.174927 0.118553 0.357885 0.073913
0.159049 0.054938 0.419025 0.081729 0.251138 0.068965
0.014505 0.012341 0.610043 0.009621 0.081589 0.096173
0.020101 0.014104 0.280898 0.023239 0.112282 0.066239
0.200552 0.202229 0.354484 0.090686 0.184740 0.042223
0.104632 0.062711 0.235437 0.033961 0.080347 0.286536
0.058849 0.088936 0.177646 0.049212 0.079752 0.225822
0.007586 0.012719 0.968565 0.005793 0.064788 0.834750
0.137270 0.168739 0.313537 0.047101 0.242293 0.065896
0.000414 0.001529 0.169620 0.000857 0.062228 0.065579
0.113892 0.142905 0.770342 0.058004 0.285412 0.206478
0.002197 0.011394 0.219249 0.005800 0.067690 0.096801
0.001915 0.001265 0.368818 0.004450 0.009291 0.007633
0.000951 0.001980 0.448602 0.001921 0.045377 0.192224
0.006053 0.007919 0.476294 0.006989 0.068687 0.217058
0.131715 0.163953 0.409870 0.045587 0.380488 0.253283
0.002445 0.008952 0.592896 0.003047 0.107365 0.260278
0.000907 0.002550 0.273467 0.001552 0.032044 0.112625
0.003985 0.023909 0.322912 0.006872 0.122003 0.046544
0.000353 0.003239 0.237290 0.001268 0.016904 0.032791
0.007138 0.016005 0.493589 0.008740 0.049322 0.244515
0.002251 0.009276 0.926816 0.004753 0.031760 0.272944
0.041273 0.037100 0.633491 0.014988 0.131735 0.215374
0.034738 0.065055 0.227456 0.022650 0.703730 0.056291
0.716269 0.403051 0.460442 0.147982 0.317023 0.114813
0.499564 0.267200 0.489843 0.132874 0.427133 0.194268
0.442346 0.403640 0.472998 0.102636 0.559309 0.100789
0.278739 0.406442 0.390793 0.077586 0.334850 0.114255
0.881173 0.709221 0.114888 0.467651 0.565666 0.109498
0.191293 0.313980 0.626603 0.045325 0.191877 0.231645
0.969198 0.724530 0.153035 0.558808 0.782568 0.249414
0.142601 0.162751 0.127658 0.053040 0.225373 0.216908
0.681657 0.418973 0.302122 0.217184 0.302651 0.227506
0.306014 0.097399 0.454188 0.062006 0.174700 0.107460
0.055320 0.051420 0.346449 0.025540 0.210543 0.135217
0.287679 0.098840 0.578664 0.088495 0.186526 0.122317
0.356463 0.244689 0.271147 0.098486 0.373003 0.099704
0.297156 0.200877 0.433233 0.050220 0.274000 0.183023
0.780513 0.579795 0.213274 0.338130 0.853161 0.202253
0.145752 0.151133 0.471673 0.057897 0.243471 0.125460
0.279374 0.230010 0.258141 0.137634 0.266005 0.178853
0.529687 0.251462 0.297670 0.194502 0.366875 0.069312
0.678580 0.525330 0.468623 0.136467 0.481005 0.274999
0.747766 0.466476 0.228608 0.265766 0.355336 0.083107
0.308016 0.316966 0.241817 0.072273 0.430844 0.146335
0.072143 0.080904 0.268083 0.018034 0.232739 0.280679
0.997167 0.585915 0.269761 0.820273 0.495513 0.172136
0.173195 0.098443 0.106544 0.028866 0.138244 0.182641
0.678876 0.248060 0.271293 0.130343 0.413388 0.300564
0.683368 0.418534 0.178979 0.102042 0.306006 0.407567
0.848281 0.754021 0.070883 0.368811 0.521074 0.242763
0.049518 0.063242 0.551374 0.029065 0.174310 0.199317
0.690135 0.948531 0.424292 0.225440 0.581323 0.564328
0.371199 0.185580 0.483133 0.060768 0.155956 0.117745
0.270637 0.126157 0.483186 0.127481 0.533601 0.054817
0.840085 0.914922 0.751191 0.134131 0.786110 0.870687
0.898988 0.293695 0.041520 0.357748 0.410819 0.620606
0.000055 0.000787 0.931003 0.001094 0.076479 0.644046
0.148833 0.672226 0.254113 0.014511 0.049641 0.362237
0.011270 0.039466 0.976928 0.021605 0.226821 0.066928
0.058412 0.015131 0.184099 0.061405 0.520203 0.268348
0.000006 0.000299 0.019249 0.000243 0.038853 0.001985
0.000990 0.010049 0.990999 0.010550 0.046045 0.881407
0.990332 0.847185 0.012993 0.127355 0.144624 0.986004
0.170758 0.447652 0.081929 0.107918 0.398560 0.618293
0.000000 0.000107 0.006091 0.000038 0.001940 0.009546
0.000000 0.000053 0.999324 0.000504 0.002149 0.000566
0.008631 0.013486 0.026263 0.022745 0.201160 0.093626
0.502472 0.110085 0.981409 0.087840 0.362802 0.926102
0.844943 0.647325 0.075910 0.335019 0.843819 0.998865
0.000006 0.001270 0.998193 0.000426 0.009494 0.004690
0.000113 0.004243 1.000000 0.004359 0.011537 0.801641
0.453775 0.599786 0.178353 0.031338 0.101618 0.656224
0.000005 0.000345 0.998297 0.000594 0.022616 0.450975
0.000001 0.000237 0.089380 0.000079 0.017507 0.008862
0.000002 0.000198 0.823549 0.000414 0.025207 0.955843
0.000001 0.000024 0.340260 0.000143 0.002713 0.005363
0.000078 0.001699 0.295479 0.005744 0.302416 0.012237
0.890939 0.072260 0.009111 0.143117 0.280215 0.093936
0.000000 0.000046 0.992186 0.000248 0.003924 0.596367
0.000004 0.000284 0.698106 0.000548 0.030139 0.000024
0.000003 0.000132 0.892994 0.000537 0.024159 0.093907
0.999100 0.933935 0.965461 0.763357 0.715603 1.000000
0.042111 0.144511 0.568114 0.008897 0.034796 0.386305
0.000028 0.001623 0.276170 0.002649 0.113711 0.197307
